21,270
21,271
21,272
21,273
21,274
21,275
21,276
21,277
21,278
21,279
21,280
21,281
21,282
21,283
21,284
21,285
21,286
21,287
21,288
21,289
21,290
21,291
21,292
21,293
21,294
21,295
21,296
21,297
21,298
21,299
21,300
21,301
22,302
22,303
22,304
22,305
22,306
22,307
23,308
23,309
23,310
23,311
24,312
24,313
24,314
25,315
25,316
26,317
26,318
27,319
27,320
28,321
28,322
28,323
29,324
29,325
30,326
30,327
30,328
31,329
31,330
32,331
32,332
33,333
33,334
34,335
34,336
35,337
35,338
36,339
36,340
37,341
37,342
38,343
38,344
39,345
39,346
40,347
40,348
41,349
41,350
42,351
42,352
43,353
44,354
44,355
45,356
45,357
46,358
47,359
47,360
48,361
48,362
49,363
50,364
50,365
51,366
52,367
53,368
53,369
54,370
55,371
55,372
56,373
57,374
58,375
58,376
59,377
60,378
61,379
62,380
62,381
63,382
64,383
65,384
66,385
66,386
67,387
68,388
69,389
70,390
71,391
72,392
72,393
73,394
74,395
75,396
76,397
77,398
78,399
79,400
79,401
80,402
81,403
82,404
83,405
84,406
85,407
86,408
87,409
88,410
89,411
90,412
91,413
92,414
93,415
94,416
95,417
96,418
97,419
98,420
99,421
100,422
101,423
102,424
103,425
104,426
105,427
106,428
107,429
108,429
109,430
110,431
111,432
112,433
113,434
114,435
115,436
116,436
117,437
118,438
119,439
120,440
121,440
122,441
123,442
124,443
125,444
126,444
127,445
128,446
129,447
130,447
131,448
132,449
133,450
134,450
135,451
136,452
137,452
138,453
139,454
140,455
141,455
142,456
143,457
144,457
145,458
146,458
147,459
148,460
149,460
150,461
151,462
152,462
153,463
154,463
155,464
156,464
157,465
158,465
159,466
160,466
161,467
162,468
163,468
164,469
165,469
166,469
167,470
168,470
169,471
170,471
171,472
172,472
173,473
174,473
175,474
176,474
177,474
178,475
179,475
180,476
181,476
182,476
183,477
184,477
185,478
186,478
187,478
188,479
189,479
190,479
191,480
192,480
193,480
194,481
195,481
196,481
197,481
198,482
199,482
200,482
201,482
202,483
203,483
204,483
205,483
206,483
207,484
208,484
209,484
210,484
211,484
212,484
213,485
214,485
215,485
216,485
217,485
218,485
219,485
220,485
221,485
222,485
223,485
224,485
225,485
226,484
227,484
228,484
229,484
230,484
231,484
232,483
233,483
234,483
235,482
236,482
237,482
238,481
239,481
240,481
241,480
242,480
243,479
244,479
245,478
246,478
247,477
248,477
249,476
250,476
251,475
252,474
253,473
254,473
255,472
256,471
257,470
258,469
259,469
260,468
261,467
262,466
263,465
264,464
265,463
265,462
266,461
267,460
268,459
269,458
270,457
270,456
271,455
272,454
273,453
274,452
275,451
276,450
277,449
278,448
279,447
280,446
281,445
282,444
283,443
284,442
285,441
286,440
287,439
288,438
289,437
290,436
291,435
292,434
293,433
294,432
295,432
296,431
297,430
298,429
299,428
300,427
301,426
302,426
303,425
304,424
305,423
306,422
307,422
308,421
309,420
310,419
311,419
312,418
313,417
314,416
315,416
316,415
317,414
318,414
319,413
320,413
321,412
322,412
323,411
324,410
325,410
326,409
327,409
328,408
329,408
330,407
331,407
332,407
333,406
334,406
335,405
336,405
337,404
338,404
339,403
340,403
341,403
342,402
343,402
344,401
345,401
346,401
347,400
348,400
349,399
350,399
351,399
352,398
353,398
354,398
355,397
356,397
357,397
358,396
359,396
360,396
361,396
362,395
363,395
364,395
365,394
366,394
367,394
368,394
369,394
370,393
371,393
372,393
373,393
374,393
375,392
376,392
377,392
378,391
379,391
380,391
381,391
382,391
383,391
384,391
385,390
386,390
387,390
388,390
389,390
390,390
391,389
392,389
393,389
394,389
395,389
396,389
397,389
398,389
399,389
400,389
401,389
402,389
403,389
404,389
405,389
406,389
407,389
408,390
409,390
410,390
411,390
412,390
413,390
414,390
415,390
416,390
417,390
418,391
419,391
420,391
421,391
422,391
423,391
424,391
425,392
426,392
427,392
428,392
429,392
430,393
431,393
432,393
433,393
434,393
435,394
436,394
437,394
438,394
439,394
440,395
441,395
442,395
443,395
444,395
445,396
446,396
447,396
448,396
449,396
450,397
451,397
452,397
453,397
454,398
455,398
456,398
457,398
458,399
459,399
460,399
461,399
462,400
463,400
464,400
465,400
466,401
467,401
468,401
469,401
470,402
471,402
472,402
473,402
474,403
475,403
476,403
477,403
478,404
479,404
480,404
481,404
482,405
483,405
484,405
485,405
486,406
487,406
488,406
489,406
490,407
491,407
492,407
493,407
494,408
495,408
496,408
497,408
498,408
499,409
500,409
501,409
502,409
503,409
504,410
505,410
506,410
507,410
508,410
509,411
510,411
511,411
512,411
513,411
514,411
515,412
516,412
517,412
518,412
519,412
520,412
521,412
522,412
523,413
524,413
525,413
526,413
527,413
528,413
529,413
530,413
531,413
532,413
533,413
534,412
535,412
536,412
537,412
538,412
539,412
540,412
541,411
542,411
543,411
544,411
545,411
546,410
547,410
548,410
549,409
550,409
551,409
552,408
553,408
554,407
555,407
556,406
557,406
558,405
559,404
560,404
561,403
562,402
563,402
564,401
565,400
566,399
567,398
568,397
569,396
570,395
571,394
572,393
572,392
573,391
574,390
575,389
575,388
576,387
577,386
577,385
578,384
578,383
579,382
580,381
580,380
581,379
581,378
582,377
582,376
583,375
583,374
583,373
584,372
584,371
584,370
584,369
585,368
585,367
585,366
585,365
586,364
586,363
586,362
586,361
586,360
587,359
587,358
587,357
587,356
587,355
587,354
587,353
588,352
588,351
588,350
588,349
588,348
588,347
588,346
589,345
589,344
589,343
589,342
589,341
589,340
589,339
589,338
589,337
589,336
589,335
589,334
589,333
589,332
589,331
589,330
589,329
589,328
589,327
589,326
589,325
588,324
588,323
588,322
588,321
588,320
588,319
588,318
588,317
587,316
587,315
587,314
587,313
587,312
587,311
587,310
587,309
586,308
586,307
586,306
586,305
586,304
586,303
586,302
585,301
585,300
585,299
585,298
584,297
584,296
584,295
583,294
583,293
583,292
582,291
582,290
582,289
581,288
580,287
580,286
579,285
579,284
578,283
577,282
577,281
576,280
575,279
574,278
573,277
572,276
571,275
570,274
569,273
568,272
567,271
566,270
565,269
564,268
563,268
562,267
561,266
560,266
559,265
558,264
557,264
556,263
555,263
554,262
553,262
552,262
551,261
550,261
549,261
548,260
547,260
546,260
545,259
544,259
543,259
542,259
541,258
540,258
539,258
538,258
537,258
536,257
535,257
534,257
533,257
532,257
531,256
530,256
529,256
528,256
527,256
526,256
525,256
524,255
523,255
522,255
521,255
520,255
519,255
518,255
517,255
516,255
515,255
514,255
513,255
512,255
511,255
510,255
509,255
508,255
507,255
506,255
505,255
504,255
503,255
502,255
501,255
500,255
499,255
498,255
497,255
496,255
495,255
494,255
493,255
492,255
491,255
490,256
489,256
488,256
487,256
486,256
485,256
484,256
483,257
482,257
481,257
480,257
479,257
478,257
477,257
476,257
475,257
474,256
473,256
472,256
471,256
470,256
469,256
468,256
467,255
466,255
465,255
464,255
463,255
462,255
461,254
460,254
459,254
458,254
457,253
456,253
455,253
454,252
453,252
452,252
451,252
450,251
449,251
448,251
447,251
446,250
445,250
444,250
443,250
442,249
441,249
440,249
439,249
438,249
437,249
436,248
435,248
434,248
433,248
432,248
431,247
430,247
429,247
428,247
427,247
426,246
425,246
424,246
423,246
422,245
421,245
420,245
419,245
418,245
417,244
416,244
415,244
414,244
413,244
412,243
411,243
410,243
409,243
408,243
407,242
406,242
405,242
404,242
403,242
402,242
401,241
400,241
399,241
398,241
397,241
396,241
395,241
394,240
393,240
392,240
391,240
390,240
389,240
388,240
387,240
386,240
385,240
384,240
383,239
382,239
381,239
380,239
379,239
378,239
377,239
376,239
375,239
374,239
373,239
372,239
371,239
370,239
369,239
368,239
367,239
366,240
365,240
364,240
363,240
362,240
361,241
360,241
359,241
358,241
357,241
356,241
355,240
355,239
354,238
354,237
354,236
354,235
354,234
354,233
354,232
354,231
354,230
354,229
354,228
354,227
354,226
354,225
354,224
354,223
354,222
354,221
354,220
354,219
354,218
353,217
353,216
353,215
353,214
353,213
353,212
352,211
352,210
352,209
352,208
352,207
351,206
351,205
351,204
351,203
350,202
350,201
350,200
349,199
349,198
348,197
347,196
347,195
346,194
346,193
345,192
344,191
344,190
343,189
342,188
342,187
341,186
340,186
339,185
338,184
337,184
336,183
335,183
334,182
333,181
332,181
331,180
330,180
329,179
328,179
327,178
326,178
325,177
324,177
323,176
322,176
321,175
320,175
319,174
318,174
317,173
316,173
315,173
314,172
313,172
312,171
311,170
310,170
309,170
308,169
307,169
306,169
305,168
304,168
303,168
302,167
301,167
300,167
299,166
298,166
297,166
296,165
295,165
294,165
293,164
292,164
291,164
290,164
289,163
288,163
287,163
286,162
285,162
284,162
283,161
282,161
281,161
280,160
279,160
278,160
277,159
276,159
275,159
274,158
273,158
272,158
271,157
270,157
269,157
268,156
267,156
266,156
265,156
264,155
263,155
262,155
261,154
260,154
259,154
258,153
257,153
256,153
255,152
254,152
253,152
252,152
251,151
250,151
249,151
248,151
247,151
246,151
245,151
244,150
243,150
242,150
241,150
240,150
239,150
238,150
237,150
236,150
235,150
234,150
233,150
232,150
231,151
230,151
229,151
228,151
227,152
226,152
225,152
224,153
223,153
222,153
221,154
220,154
219,155
218,156
217,157
216,157
215,158
215,159
214,160
213,161
212,162
211,163
211,164
210,165
209,166
209,167
208,168
207,169
206,170
206,171
205,172
204,173
204,174
203,175
203,176
202,177
201,178
201,179
200,180
200,181
199,182
198,183
198,184
197,185
197,186
196,187
195,188
195,189
194,190
193,191
192,192
192,193
191,194
190,195
190,196
189,197
189,198
188,199
187,200
186,201
185,201
184,201
183,201
182,200
182,199
182,198
182,197
183,196
184,195
184,194
185,193
185,192
186,191
187,190
187,189
188,188
189,187
189,186
190,185
190,184
191,183
192,182
192,181
193,180
194,179
194,178
195,177
196,176
196,175
197,174
198,173
198,172
199,171
199,170
200,169
201,168
201,167
202,166
202,165
203,164
203,163
204,162
204,161
205,160
205,159
206,158
206,157
207,156
207,155
208,154
208,153
208,152
209,151
209,150
209,149
210,148
210,147
210,146
210,145
211,144
211,143
211,142
211,141
211,140
212,139
212,138
212,137
212,136
212,135
212,134
212,133
212,132
211,131
211,130
210,129
210,128
209,127
208,126
207,125
207,124
206,123
205,122
204,121
203,120
202,119
201,118
200,117
199,116
198,115
197,114
196,113
195,113
194,112
193,111
192,110
191,110
190,109
189,108
188,108
187,107
186,107
185,106
184,105
183,105
182,104
181,104
180,103
179,103
178,102
177,102
176,101
175,101
174,100
173,100
172,99
171,99
170,98
169,98
168,98
167,97
166,97
165,96
164,96
163,96
162,95
161,95
160,95
159,94
158,94
157,94
156,93
155,93
154,93
153,93
152,93
151,92
150,92
149,92
148,92
147,92
146,91
145,91
144,91
143,91
142,91
141,91
140,91
139,91
138,91
137,91
136,90
135,90
134,90
133,90
132,90
131,91
130,91
129,91
128,91
127,91
126,91
125,91
124,91
123,91
122,91
121,92
120,92
119,92
118,92
117,92
116,93
115,93
114,93
113,93
112,94
111,94
110,94
109,95
108,95
107,95
106,96
105,96
104,97
103,97
102,98
101,98
100,99
99,99
98,100
97,100
96,101
95,102
94,102
93,103
92,104
91,104
90,105
89,106
88,107
87,107
86,108
85,109
84,110
83,111
82,111
81,112
80,113
79,114
78,115
77,116
76,117
75,118
74,119
73,120
72,121
71,122
70,123
69,124
68,125
67,126
67,127
66,128
65,129
64,130
64,131
63,132
62,133
61,134
61,135
60,136
59,137
59,138
58,139
57,140
57,141
56,142
56,143
55,144
54,145
54,146
53,147
53,148
52,149
51,150
51,151
50,152
50,153
49,154
49,155
48,156
48,157
47,158
47,159
46,160
46,161
45,162
45,163
44,164
44,165
44,166
43,167
43,168
42,169
42,170
42,171
41,172
41,173
41,174
40,175
40,176
40,177
39,178
39,179
39,180
38,181
38,182
38,183
37,184
37,185
37,186
36,187
36,188
36,189
36,190
35,191
35,192
35,193
34,194
34,195
34,196
34,197
33,198
33,199
33,200
33,201
32,202
32,203
32,204
32,205
32,206
31,207
31,208
31,209
31,210
30,211
30,212
30,213
30,214
29,215
29,216
29,217
29,218
29,219
29,220
28,221
28,222
28,223
28,224
28,225
28,226
27,227
27,228
27,229
27,230
27,231
27,232
26,233
26,234
26,235
26,236
26,237
25,238
25,239
25,240
25,241
25,242
25,243
24,244
24,245
24,246
24,247
24,248
24,249
24,250
23,251
23,252
23,253
23,254
23,255
23,256
23,257
23,258
22,259
22,260
22,261
22,262
22,263
22,264
22,265
22,266
22,267
22,268
22,269
21,270
